

2
    0.1
6
    1.9
9
    0.7
13
    1.2
15
    1.2
13
    0.1
14
    0.1
13
    0.47
12
    0.27
9
    0.62
11
    0.64
10
    0.64
11
    0.86
16
    1.48
15
    2.0
19
    0.46
22
    0.6
21
    0.1
20
    0.1
21
    0.6
22
    0.2
23
    0.3
24
    0.3
23
    0.1
25
    1.28
27
    0.5
31
    0.65
30
    0.65
31
    0.15
32
    0.12
28
    0.14
29
    0.89
37
    0.34
34
    0.4
35
    0.4
34
    1.33
29
    0.14
28
    0.5
27
    0.26
32
    0.26
27
    1.28
25
    0.1
26
    0.1
25
    0.55
20
    1.0
18
    0.3
21
    0.6
19
    1.2
18
    0.33
8
    0.67
3
    1.4
7
    1.4
3
    1.95
1
    1.95
3
    1.1
18
    0.3
17
    0.13
16
    0.13
17
    0.13
8
    1.0
7
    0.73
5
    0.3
4
    0.3
5
    0.3
2